0 0.658075 0.411032 0.025517 0.018361
0 0.963542 0.447685 0.010417 0.010185
0 0.243490 0.446296 0.009896 0.009259
0 0.489323 0.386574 0.006771 0.013889
0 0.189323 0.455093 0.009896 0.008333
0 0.955208 0.424074 0.008333 0.011111
0 0.502344 0.814815 0.007812 0.016667
0 0.209613 0.479768 0.030685 0.018794
0 0.037240 0.464352 0.009896 0.008333
0 0.344271 0.418981 0.007292 0.008333
0 0.042884 0.434647 0.007812 0.009259
0 0.637240 0.442593 0.007812 0.007407
0 0.595833 0.419444 0.009375 0.009259
0 0.437240 0.543981 0.006771 0.013889
0 0.661198 0.436111 0.007812 0.009259
0 0.513281 0.436111 0.006771 0.012963
0 0.516146 0.482870 0.007292 0.012037
0 0.015625 0.441667 0.009375 0.009259
0 0.470052 0.405556 0.005729 0.012963
0 0.226995 0.572022 0.008511 0.013364
0 0.214868 0.678540 0.005681 0.012635
0 0.442448 0.725000 0.007812 0.016667
0 0.281510 0.450463 0.009896 0.010185
0 0.472135 0.557407 0.006771 0.014815
0 0.265104 0.521296 0.009375 0.011111
0 0.495977 0.107957 0.003879 0.008161
0 0.966146 0.601852 0.006250 0.012963
0 0.465104 0.581944 0.007292 0.013889
0 0.467500 0.841105 0.005626 0.021099
0 0.286458 0.450000 0.019792 0.011111
0 0.086719 0.339352 0.008854 0.010185
0 0.471615 0.479167 0.005729 0.012037
0 0.506771 0.362500 0.006250 0.010185
0 0.242448 0.548148 0.005729 0.009259
0 0.515885 0.533333 0.006771 0.014815
0 0.292448 0.449537 0.008854 0.008333
0 0.505729 0.362037 0.007292 0.011111
0 0.452344 0.481481 0.005729 0.011111
0 0.441117 0.301566 0.005694 0.010123
0 0.504254 0.295165 0.004689 0.008039
0 0.480054 0.176819 0.003182 0.007145
0 0.483990 0.140943 0.004689 0.006252
0 0.463726 0.026319 0.003014 0.007443
