0 0.795573 0.444444 0.010937 0.011111
0 0.928906 0.447222 0.009896 0.009259
0 0.215885 0.426389 0.009896 0.013889
0 0.103385 0.483796 0.030729 0.017593
0 0.257812 0.526389 0.009375 0.012037
0 0.772773 0.411958 0.027371 0.016509
0 0.610677 0.412963 0.008854 0.009259
0 0.153646 0.454167 0.021875 0.012037
0 0.517803 0.468023 0.005020 0.010251
0 0.855729 0.445833 0.009375 0.008333
0 0.082552 0.429630 0.009896 0.009259
0 0.276823 0.513889 0.008854 0.011111
0 0.497043 0.551474 0.007089 0.019852
0 0.148177 0.454630 0.009896 0.011111
0 0.446094 0.577778 0.006771 0.012963
0 0.403777 0.224938 0.005988 0.010986
0 0.624479 0.419907 0.008333 0.008333
0 0.049219 0.461574 0.009896 0.008333
0 0.466146 0.366204 0.007292 0.010185
0 0.209635 0.635648 0.007812 0.013889
0 0.227083 0.569444 0.009375 0.014815
0 0.087240 0.436574 0.007812 0.008333
0 0.470833 0.276852 0.005208 0.009259
0 0.534523 0.591411 0.005954 0.016154
0 0.441406 0.485185 0.005729 0.012963
0 0.442969 0.443981 0.005729 0.012037
0 0.788021 0.422222 0.009375 0.009259
0 0.501042 0.196296 0.005208 0.011111
0 0.064062 0.452778 0.010417 0.009259
0 0.016667 0.434722 0.009375 0.008333
0 0.260937 0.744444 0.009375 0.012963
0 0.967708 0.603241 0.007292 0.013889
0 0.471094 0.332407 0.005729 0.011111
0 0.871875 0.354630 0.008333 0.009259
0 0.466927 0.520370 0.005729 0.011111
0 0.215365 0.606019 0.005729 0.010185
0 0.489063 0.271759 0.005208 0.008333
0 0.833594 0.421296 0.009896 0.011111
0 0.470313 0.226852 0.005208 0.009259
0 0.115365 0.481944 0.007812 0.013889
0 0.486198 0.412963 0.005729 0.011111
0 0.526302 0.543519 0.006771 0.014815
0 0.511229 0.393289 0.005171 0.011820
0 0.485557 0.143748 0.004802 0.010507
