0 0.063021 0.433796 0.009375 0.010185
0 0.075521 0.462963 0.010417 0.009259
0 0.530469 0.437500 0.009896 0.008333
0 0.884375 0.446296 0.008333 0.009259
0 0.383333 0.709722 0.010417 0.015741
0 0.441927 0.555556 0.006771 0.012963
0 0.180729 0.427315 0.008333 0.008333
0 0.114062 0.437037 0.008333 0.009259
0 0.678906 0.418981 0.008854 0.010185
0 0.481473 0.192376 0.004761 0.014381
0 0.488021 0.399074 0.005208 0.009259
0 0.310937 0.450463 0.008333 0.008333
0 0.500781 0.266667 0.007812 0.012963
0 0.272135 0.427778 0.008854 0.009259
0 0.244010 0.543056 0.007812 0.012037
0 0.439063 0.425463 0.005208 0.010185
0 0.496875 0.207407 0.006250 0.009259
0 0.905267 0.366693 0.010535 0.011164
0 0.962760 0.600463 0.006771 0.013889
0 0.415559 0.449402 0.012559 0.011229
0 0.961979 0.441204 0.008333 0.008333
0 0.341406 0.742130 0.010937 0.012037
0 0.514844 0.162500 0.006771 0.010185
0 0.277604 0.479630 0.007292 0.007407
0 0.373698 0.421759 0.007812 0.008333
0 0.460417 0.037963 0.004167 0.011111
0 0.473840 0.929278 0.006486 0.023371
0 0.459635 0.168056 0.004687 0.010185
0 0.460417 0.038889 0.004167 0.009259
0 0.494010 0.150000 0.005729 0.009259
0 0.500260 0.268519 0.006771 0.011111
