0 0.140234 0.817361 0.024740 0.032870
0 0.878255 0.274537 0.028906 0.034259
0 0.913021 0.253935 0.024479 0.030093
0 0.854948 0.868750 0.023958 0.037500
0 0.920443 0.371065 0.028906 0.028241
0 0.850260 0.771296 0.021875 0.037037
0 0.862240 0.347454 0.025521 0.028241
0 0.759896 0.352083 0.026042 0.030093
0 0.700391 0.682176 0.024740 0.032870
0 0.507679 0.769468 0.014690 0.051045
0 0.480970 0.773623 0.013355 0.042735
0 0.353432 0.485161 0.026709 0.028490
0 0.501669 0.407407 0.022703 0.027303
0 0.433560 0.403253 0.028045 0.023742
0 0.681290 0.378917 0.025374 0.032051
0 0.695313 0.398504 0.024038 0.030864
0 0.728699 0.373575 0.025374 0.023742
0 0.691974 0.453110 0.025374 0.030864
0 0.695646 0.476852 0.023371 0.028490
0 0.746394 0.451330 0.027377 0.029677
0 0.772102 0.432930 0.024038 0.026116
0 0.793803 0.332621 0.027377 0.027303
0 0.802484 0.386040 0.031384 0.032051
0 0.831197 0.370014 0.026042 0.033238
0 0.823851 0.400285 0.067441 0.062915
0 0.743056 0.420465 0.070112 0.060541
0 0.903646 0.057217 0.022703 0.024929
