0 0.460677 0.843056 0.039583 0.105556
0 0.422786 0.548611 0.024740 0.063889
0 0.488932 0.420602 0.020052 0.043056
0 0.644010 0.704167 0.039583 0.069444
0 0.567187 0.475231 0.025000 0.042130
0 0.477995 0.324306 0.020052 0.045833
0 0.654427 0.613426 0.035937 0.060185
0 0.578646 0.356019 0.058854 0.149074
0 0.520182 0.237963 0.013802 0.023148
0 0.486589 0.143750 0.013802 0.023611
0 0.423307 0.209259 0.013802 0.025000
0 0.565104 0.071065 0.013021 0.023611
0 0.473307 0.232407 0.014844 0.029630
0 0.582943 0.074769 0.011719 0.017130
0 0.500521 0.122222 0.010937 0.016667
0 0.415234 0.339352 0.024740 0.093519
0 0.538411 0.117361 0.011198 0.017130
0 0.526362 0.801009 0.110817 0.394278
0 0.551432 0.157176 0.010677 0.016204
0 0.526302 0.076157 0.012500 0.019907
0 0.550260 0.094907 0.011458 0.016667
0 0.454297 0.120833 0.013802 0.023148
0 0.494792 0.092130 0.011458 0.018519
0 0.474219 0.117593 0.030729 0.074074
0 0.479036 0.174074 0.012240 0.021296
0 0.512500 0.094676 0.011979 0.018056
0 0.448828 0.195370 0.030990 0.100926
0 0.525130 0.162963 0.019531 0.075926
0 0.584115 0.105093 0.008333 0.013889
0 0.482422 0.078241 0.011719 0.013889
0 0.586589 0.047917 0.011198 0.014352
0 0.450651 0.416791 0.031510 0.100677
0 0.598437 0.055556 0.008854 0.013889
0 0.604688 0.009028 0.009896 0.013426
0 0.537370 0.064120 0.010677 0.014352
0 0.571568 0.764180 0.115104 0.410648
0 0.559375 0.016898 0.034896 0.033796
0 0.575284 0.027830 0.034920 0.038931
0 0.523349 0.055450 0.024562 0.032092
