0 0.454688 0.572685 0.047396 0.050926
0 0.588672 0.711111 0.054427 0.056481
0 0.890104 0.891204 0.054688 0.067593
0 0.977995 0.369907 0.042969 0.075000
0 0.974740 0.190741 0.048958 0.056481
0 0.924089 0.400926 0.058594 0.057407
0 0.900391 0.242130 0.054948 0.062037
0 0.980208 0.437731 0.038021 0.044907
0 0.932031 0.282639 0.056250 0.060648
0 0.574089 0.372222 0.019010 0.015741
0 0.807031 0.244676 0.020833 0.020833
0 0.763672 0.263426 0.024740 0.026852
0 0.809375 0.275231 0.021354 0.022685
0 0.212500 0.476852 0.027604 0.020370
0 0.792969 0.268056 0.022396 0.021296
0 0.812109 0.331944 0.019531 0.030556
0 0.855078 0.562731 0.034635 0.025463
0 0.352604 0.282407 0.053125 0.043519
0 0.962109 0.483796 0.036719 0.039815
0 0.747656 0.255093 0.020833 0.022222
0 0.934896 0.467593 0.060937 0.056481
0 0.878125 0.436806 0.020833 0.026389
0 0.833333 0.358333 0.020833 0.018519
0 0.828516 0.528009 0.028906 0.024537
0 0.858724 0.342593 0.020052 0.021296
0 0.505990 0.300463 0.051562 0.055556
0 0.841146 0.547454 0.022917 0.021759
0 0.988411 0.242130 0.022656 0.050000
