0 0.241927 0.778009 0.038021 0.041204
0 0.921354 0.876157 0.035417 0.048611
0 0.956250 0.243750 0.041146 0.043981
0 0.781250 0.314815 0.038542 0.043519
0 0.853385 0.309259 0.035937 0.042593
0 0.797526 0.425231 0.039323 0.040278
0 0.878255 0.381250 0.115365 0.096759
0 0.952734 0.197917 0.045573 0.046759
0 0.346094 0.698148 0.018229 0.016667
0 0.233203 0.596991 0.038802 0.038426
0 0.903906 0.276389 0.040625 0.042593
0 0.695964 0.357639 0.026823 0.028241
0 0.396875 0.346759 0.038542 0.029630
0 0.968620 0.321759 0.052865 0.051852
0 0.834635 0.279167 0.036458 0.035185
0 0.925000 0.399769 0.040104 0.041204
0 0.802865 0.343750 0.038542 0.040278
0 0.880339 0.424769 0.038802 0.037500
0 0.805469 0.471991 0.040625 0.037500
0 0.888622 0.628205 0.022035 0.070038
0 0.510016 0.917260 0.020700 0.066477
0 0.469284 0.920228 0.016693 0.055793
0 0.503005 0.359330 0.034722 0.033238
