0 0.264453 0.715278 0.028906 0.035185
0 0.908724 0.256250 0.030990 0.035648
0 0.945182 0.234259 0.026823 0.032407
0 0.817187 0.317361 0.027604 0.032870
0 0.560156 0.602083 0.027083 0.028241
0 0.800651 0.654630 0.024219 0.043519
0 0.900911 0.328472 0.029948 0.029167
0 0.855339 0.390046 0.075781 0.065278
0 0.173177 0.363426 0.025521 0.032407
0 0.698698 0.682407 0.028125 0.033333
0 0.746094 0.363426 0.026042 0.028704
0 0.955078 0.191667 0.033073 0.032407
0 0.919922 0.218981 0.024740 0.026852
0 0.780469 0.341204 0.028125 0.028704
0 0.703325 0.632360 0.018697 0.026116
0 0.508013 0.789055 0.015358 0.047483
0 0.478966 0.793210 0.016026 0.048670
0 0.693643 0.371201 0.027377 0.030864
0 0.711004 0.388414 0.027377 0.022555
0 0.871928 0.287512 0.028713 0.027303
0 0.935363 0.023386 0.026042 0.028490
0 0.826522 0.374763 0.036725 0.026116
0 0.796808 0.425214 0.030716 0.032051
0 0.764757 0.445988 0.025374 0.030864
0 0.711672 0.479226 0.027377 0.030864
0 0.705662 0.448955 0.028713 0.024929
0 0.761084 0.416311 0.075454 0.066477
0 0.426549 0.393162 0.031384 0.022555
0 0.500334 0.401472 0.026709 0.027303
