0 0.470443 0.967593 0.016927 0.038889
0 0.481771 0.853472 0.012500 0.024537
0 0.550781 0.923843 0.014063 0.024537
0 0.494792 0.818287 0.013542 0.023611
0 0.476562 0.908333 0.013021 0.024074
0 0.458594 0.853472 0.013021 0.021759
0 0.522005 0.884722 0.011719 0.021296
0 0.522786 0.772454 0.011198 0.016204
0 0.547396 0.859259 0.011458 0.019444
0 0.536068 0.808796 0.010677 0.017593
0 0.511849 0.762269 0.011198 0.015278
0 0.580208 0.745833 0.009896 0.013889
0 0.564844 0.786806 0.021875 0.052315
0 0.525911 0.848843 0.011198 0.019907
0 0.506901 0.796991 0.010156 0.016204
0 0.595703 0.734028 0.011198 0.014352
0 0.515625 0.744907 0.010937 0.012963
0 0.532682 0.742824 0.008073 0.011574
0 0.447111 0.924017 0.030337 0.125048
0 0.483892 0.761264 0.035707 0.054410
0 0.549533 0.739548 0.031143 0.044387
0 0.591549 0.701842 0.034633 0.034842
0 0.486040 0.795389 0.034096 0.044387
0 0.584387 0.946980 0.038649 0.103248
0 0.562376 0.973251 0.040923 0.049971
