0 0.183984 0.781481 0.033594 0.032407
0 0.920052 0.250000 0.024479 0.030556
0 0.884896 0.270833 0.029167 0.033333
0 0.828385 0.726389 0.022917 0.038889
0 0.803516 0.798611 0.025260 0.037037
0 0.295964 0.451157 0.025260 0.028241
0 0.831120 0.399537 0.070052 0.062037
0 0.983854 0.334028 0.030208 0.029167
0 0.869271 0.343750 0.027604 0.028241
0 0.896615 0.235648 0.021354 0.025000
0 0.507345 0.774217 0.014022 0.051045
0 0.481303 0.774810 0.014022 0.045109
0 0.431891 0.400285 0.031384 0.022555
0 0.501002 0.407407 0.024038 0.032051
0 0.685296 0.376543 0.028045 0.029677
0 0.717014 0.354582 0.020700 0.023742
0 0.729701 0.372982 0.022035 0.027303
0 0.697316 0.393162 0.021368 0.029677
0 0.694979 0.442426 0.026042 0.033238
0 0.699319 0.482787 0.021368 0.026116
0 0.748397 0.445394 0.028713 0.036800
0 0.776442 0.433523 0.022035 0.024929
0 0.764757 0.351021 0.032051 0.028490
0 0.797142 0.328466 0.027377 0.030864
0 0.927350 0.213913 0.026042 0.024929
0 0.911325 0.048908 0.027377 0.032051
0 0.658253 0.647792 0.026042 0.028490
