0 0.616016 0.796296 0.028906 0.048148
0 0.529427 0.944676 0.030729 0.068056
0 0.475651 0.625000 0.017448 0.038889
0 0.421745 0.519676 0.016406 0.031944
0 0.499870 0.777546 0.028906 0.065278
0 0.410677 0.659491 0.017708 0.038426
0 0.476693 0.488194 0.014323 0.027315
0 0.533854 0.644213 0.017708 0.031944
0 0.431315 0.911053 0.045573 0.175579
0 0.561589 0.631713 0.017448 0.030093
0 0.522526 0.569907 0.014323 0.026852
0 0.441016 0.457407 0.014323 0.029630
0 0.535807 0.426389 0.023177 0.058333
0 0.482552 0.421528 0.011979 0.019907
0 0.524089 0.478704 0.011719 0.020370
0 0.500781 0.425694 0.010937 0.018981
0 0.548307 0.501852 0.023177 0.083333
0 0.490234 0.458102 0.011719 0.018056
0 0.554948 0.394907 0.009896 0.014815
0 0.602995 0.319444 0.027865 0.029630
0 0.472526 0.531019 0.013281 0.024074
0 0.567318 0.378935 0.010156 0.014352
0 0.512370 0.405787 0.012760 0.018981
0 0.565365 0.347454 0.033333 0.037500
0 0.538411 0.357176 0.010156 0.015278
0 0.443099 0.578704 0.028385 0.137963
0 0.574219 0.397222 0.008854 0.012037
0 0.536849 0.375231 0.010156 0.014352
0 0.526432 0.386574 0.010156 0.015741
0 0.527799 0.346759 0.034245 0.040741
0 0.583854 0.361111 0.012500 0.021296
0 0.460807 0.463889 0.030990 0.084259
0 0.510579 0.384838 0.034831 0.035880
0 0.698568 0.963606 0.083912 0.069444
0 0.743417 0.941744 0.099826 0.108025
