0 0.816927 0.438426 0.009896 0.008333
0 0.773778 0.414395 0.010057 0.010271
0 0.214844 0.456481 0.011979 0.009259
0 0.269199 0.419175 0.028269 0.016127
0 0.892448 0.415278 0.009896 0.010185
0 0.402865 0.423611 0.008854 0.008333
0 0.697135 0.845370 0.009896 0.018519
0 0.355469 0.449537 0.009896 0.008333
0 0.723958 0.441204 0.008333 0.010185
0 0.691024 0.471367 0.009375 0.010185
0 0.874479 0.390741 0.009375 0.011111
0 0.884115 0.358796 0.007812 0.008333
0 0.477431 0.051671 0.003472 0.010749
0 0.626302 0.471296 0.009896 0.009259
0 0.640104 0.443126 0.010417 0.007407
0 0.961458 0.598148 0.007292 0.012963
0 0.492586 0.131593 0.003370 0.009036
0 0.569311 0.441008 0.008854 0.007407
0 0.243750 0.743519 0.010417 0.012963
0 0.846354 0.420370 0.008333 0.009259
0 0.214323 0.693981 0.007812 0.015741
0 0.496615 0.695833 0.005729 0.012037
0 0.494585 0.166512 0.003778 0.009674
0 0.460771 0.237888 0.003721 0.008942
0 0.847917 0.389352 0.008333 0.008333
0 0.460835 0.371605 0.004373 0.010493
0 0.733594 0.441667 0.008854 0.009259
0 0.071615 0.433333 0.009896 0.011111
0 0.478311 0.161696 0.003795 0.006237
0 0.489811 0.721759 0.006109 0.015872
0 0.237033 0.483963 0.011276 0.012409
0 0.497181 0.681558 0.005906 0.016228
0 0.490481 0.075351 0.004191 0.007663
