0 0.392578 0.742593 0.041927 0.034259
0 0.815625 0.760880 0.036979 0.048611
0 0.805339 0.297685 0.039844 0.047222
0 0.941146 0.256019 0.045833 0.048148
0 0.864323 0.259028 0.038542 0.039352
0 0.885677 0.292361 0.040104 0.046759
0 0.507943 0.739120 0.017969 0.018056
0 0.838672 0.837037 0.032552 0.038889
0 0.824349 0.418519 0.044010 0.044444
0 0.830208 0.328704 0.041146 0.045370
0 0.208984 0.604861 0.040365 0.042130
0 0.986328 0.974769 0.026302 0.047685
0 0.942969 0.508102 0.038542 0.063426
0 0.913411 0.371991 0.126823 0.103241
0 0.984375 0.175000 0.030208 0.042593
0 0.704036 0.315046 0.022135 0.021759
0 0.966016 0.390046 0.044531 0.044907
0 0.916276 0.417824 0.044531 0.041204
0 0.504818 0.344676 0.040885 0.042130
0 0.871354 0.444907 0.035417 0.031481
0 0.558594 0.381944 0.024479 0.021296
0 0.991146 0.316898 0.016667 0.036574
0 0.989193 0.440509 0.019531 0.021759
0 0.387821 0.327873 0.043403 0.032051
