0 0.302344 0.443519 0.009896 0.009259
0 0.617448 0.411574 0.030729 0.021296
0 0.472123 0.566793 0.004712 0.015068
0 0.397396 0.417130 0.008333 0.008333
0 0.279948 0.508796 0.009896 0.012037
0 0.686979 0.442593 0.008333 0.007407
0 0.237520 0.552463 0.008293 0.011740
0 0.721094 0.436574 0.007812 0.008333
0 0.513131 0.447595 0.004533 0.011856
0 0.374219 0.424074 0.007812 0.007407
0 0.336979 0.447685 0.009375 0.008333
0 0.499150 0.709241 0.005868 0.016630
0 0.510881 0.399729 0.005322 0.014272
0 0.044271 0.354630 0.011458 0.011111
0 0.434294 0.577203 0.005550 0.013708
0 0.489091 0.342010 0.004468 0.013245
0 0.326042 0.449074 0.009375 0.009259
0 0.899219 0.422222 0.008854 0.009259
0 0.473979 0.657548 0.005168 0.014533
0 0.288281 0.421296 0.007812 0.007407
0 0.209375 0.650463 0.007292 0.013889
0 0.964844 0.600926 0.006771 0.014815
0 0.256510 0.533333 0.006771 0.009259
0 0.465495 0.676581 0.006510 0.016124
0 0.467027 0.985749 0.006571 0.021498
0 0.094010 0.460648 0.008854 0.008333
0 0.241727 0.478472 0.031370 0.019907
0 0.470166 0.483091 0.004867 0.013925
0 0.501302 0.263889 0.005729 0.009259
0 0.532292 0.420370 0.008333 0.009259
0 0.144010 0.485185 0.005729 0.007407
0 0.442163 0.339815 0.005208 0.011111
0 0.448437 0.261227 0.005208 0.011111
0 0.441206 0.780158 0.006343 0.017201
0 0.619271 0.408796 0.025000 0.013889
0 0.236044 0.454594 0.010016 0.010684
0 0.505269 0.330729 0.004272 0.009766
0 0.463053 0.051171 0.003380 0.008013
0 0.477827 0.116386 0.003881 0.006677
0 0.482021 0.105925 0.004257 0.007568
