0 0.312630 0.751852 0.040365 0.037963
0 0.868880 0.301620 0.037240 0.043981
0 0.871615 0.815972 0.037500 0.048611
0 0.977083 0.233333 0.043229 0.047222
0 0.980729 0.318519 0.037500 0.050000
0 0.816797 0.336574 0.040885 0.043519
0 0.895052 0.376852 0.121354 0.100926
0 0.944141 0.396065 0.042448 0.041204
0 0.810417 0.421991 0.041667 0.041204
0 0.794661 0.306481 0.040885 0.045370
0 0.921875 0.267593 0.042708 0.044444
0 0.424089 0.706713 0.018490 0.018056
0 0.880339 0.882639 0.034115 0.040278
0 0.848177 0.269676 0.035937 0.036574
0 0.897786 0.422917 0.041927 0.039352
0 0.972917 0.185185 0.048438 0.049074
0 0.905208 0.569444 0.031250 0.068519
0 0.512353 0.939815 0.024038 0.071225
0 0.467949 0.940408 0.019364 0.060541
0 0.393496 0.342711 0.041400 0.035613
0 0.502671 0.349834 0.035390 0.040361
