0 0.809896 0.412963 0.031250 0.016667
0 0.874219 0.445833 0.010937 0.010185
0 0.563021 0.413426 0.008333 0.008333
0 0.664323 0.412963 0.008854 0.009259
0 0.739583 0.443519 0.011458 0.011111
0 0.103906 0.456481 0.011979 0.009259
0 0.444010 0.412963 0.005729 0.011111
0 0.909635 0.368056 0.008854 0.010185
0 0.447135 0.536574 0.006771 0.013889
0 0.274740 0.420370 0.007812 0.009259
0 0.499105 0.618548 0.005956 0.022282
0 0.076302 0.430093 0.009896 0.008333
0 0.152604 0.432870 0.008333 0.008333
0 0.244271 0.541667 0.008333 0.012963
0 0.467448 0.440278 0.005729 0.012037
0 0.968750 0.603704 0.008333 0.014815
0 0.513542 0.427778 0.006250 0.011111
0 0.141667 0.425000 0.008333 0.009259
0 0.065365 0.484259 0.029687 0.012963
0 0.802083 0.444444 0.009375 0.007407
0 0.503385 0.228704 0.005729 0.009259
0 0.211198 0.658333 0.008854 0.014815
0 0.529948 0.579167 0.006771 0.015741
0 0.471094 0.222222 0.005729 0.011111
0 0.218516 0.591364 0.005676 0.013568
0 0.379427 0.216204 0.007812 0.008333
0 0.262500 0.525463 0.007292 0.010185
0 0.852865 0.423148 0.008854 0.009259
0 0.887240 0.420833 0.008854 0.010185
0 0.465885 0.308333 0.005729 0.009259
0 0.686198 0.419444 0.008854 0.009259
0 0.281510 0.426852 0.008854 0.011111
0 0.114870 0.459598 0.008640 0.008986
0 0.442969 0.451852 0.005729 0.011111
0 0.488802 0.516667 0.005729 0.011111
0 0.285677 0.751389 0.009896 0.010185
0 0.471354 0.273148 0.005208 0.009259
0 0.421354 0.437963 0.007292 0.009259
0 0.486979 0.181019 0.005208 0.008333
0 0.004167 0.460648 0.008333 0.013889
0 0.212760 0.627778 0.006771 0.011111
0 0.471254 0.179784 0.004340 0.008310
