0 0.471354 0.915046 0.016667 0.034722
0 0.555599 0.879167 0.015885 0.026852
0 0.463932 0.753935 0.012760 0.022685
0 0.520703 0.825926 0.012240 0.022222
0 0.552154 0.655361 0.030871 0.035574
0 0.405078 0.982176 0.023177 0.032870
0 0.522656 0.784259 0.011979 0.021296
0 0.486198 0.754167 0.013021 0.022222
0 0.470182 0.851852 0.015885 0.035185
0 0.547005 0.804398 0.013281 0.020833
0 0.479297 0.801852 0.012760 0.022222
0 0.526823 0.683796 0.010937 0.015741
0 0.587760 0.656713 0.009896 0.012500
0 0.532161 0.736806 0.010156 0.017130
0 0.517708 0.672454 0.010417 0.015278
0 0.498828 0.725694 0.013281 0.022685
0 0.564714 0.626157 0.011719 0.012500
0 0.511198 0.705787 0.009896 0.015278
0 0.526042 0.653935 0.010417 0.012500
0 0.411458 0.877546 0.018229 0.045833
0 0.594679 0.618555 0.035192 0.031408
0 0.573307 0.669213 0.009635 0.014352
0 0.447887 0.818024 0.030481 0.113636
0 0.582978 0.959280 0.058594 0.078388
0 0.603693 0.930608 0.056818 0.131524
0 0.558712 0.723064 0.022491 0.056292
0 0.552054 0.695444 0.026338 0.048401
0 0.493312 0.703598 0.033144 0.039457
0 0.494792 0.668350 0.035511 0.048927
