0 0.980208 0.731481 0.032813 0.079630
0 0.869922 0.850000 0.049219 0.062037
0 0.693750 0.670139 0.039583 0.047685
0 0.925781 0.273843 0.044792 0.051389
0 0.579818 0.809954 0.044010 0.049537
0 0.604427 0.629167 0.018750 0.021296
0 0.837760 0.279167 0.043750 0.051852
0 0.858594 0.413194 0.047917 0.047685
0 0.117969 0.970602 0.031250 0.020833
0 0.724609 0.636806 0.027865 0.021759
0 0.864714 0.313194 0.045573 0.050463
0 0.723177 0.296991 0.021875 0.024537
0 0.902604 0.234954 0.041146 0.046759
0 0.760286 0.360648 0.017448 0.025926
0 0.959115 0.413426 0.048958 0.046296
0 0.980339 0.237037 0.037760 0.049074
0 0.942448 0.363657 0.112500 0.110648
0 0.375391 0.316435 0.046094 0.035648
0 0.910286 0.442130 0.041406 0.036111
0 0.504036 0.330324 0.042448 0.045833
0 0.891146 0.483333 0.029687 0.037037
0 0.866797 0.471296 0.046615 0.043519
