0 0.943099 0.128241 0.028906 0.037037
0 0.116146 0.421065 0.061458 0.065278
0 0.919010 0.831481 0.064062 0.076852
0 0.836589 0.867593 0.072135 0.076852
0 0.597526 0.746759 0.064844 0.066667
0 0.172526 0.542361 0.068490 0.071759
0 0.855469 0.287037 0.026042 0.023148
0 0.977865 0.188194 0.042708 0.061574
0 0.909115 0.319213 0.026562 0.022685
0 0.942448 0.301389 0.034375 0.026852
0 0.328125 0.228009 0.065104 0.053241
0 0.743359 0.590278 0.062760 0.053704
0 0.824740 0.205556 0.029687 0.033333
0 0.882292 0.218287 0.026042 0.027315
0 0.805599 0.195602 0.024740 0.028241
0 0.860938 0.211574 0.028125 0.027778
0 0.919401 0.548380 0.029948 0.026389
0 0.850911 0.262731 0.018490 0.022685
0 0.836849 0.239815 0.027344 0.026852
0 0.943229 0.376389 0.037500 0.029630
0 0.512109 0.248148 0.060156 0.068519
0 0.888932 0.172685 0.025781 0.027778
0 0.902344 0.526157 0.034896 0.027315
0 0.598047 0.312963 0.032552 0.028704
0 0.858464 0.245370 0.017448 0.018519
0 0.273177 0.518287 0.070312 0.051389
0 0.934505 0.567593 0.042448 0.029630
0 0.923177 0.351157 0.027083 0.025463
0 0.945703 0.347454 0.027344 0.027315
0 0.908594 0.496759 0.038021 0.031481
0 0.991536 0.381944 0.016406 0.047222
