0 0.578646 0.597685 0.021354 0.036111
0 0.550651 0.614120 0.022135 0.037500
0 0.511719 0.753009 0.026562 0.057870
0 0.662630 0.821759 0.037240 0.065741
0 0.473828 0.488426 0.016406 0.033333
0 0.528385 0.514583 0.017188 0.030093
0 0.413151 0.497685 0.015885 0.031481
0 0.551693 0.439583 0.032031 0.099537
0 0.475130 0.409954 0.012760 0.023611
0 0.532292 0.336574 0.022396 0.063889
0 0.549609 0.301620 0.011198 0.016204
0 0.522396 0.395139 0.011979 0.020833
0 0.431771 0.382639 0.015625 0.028241
0 0.480859 0.372222 0.013802 0.025926
0 0.568421 0.242901 0.034238 0.038272
0 0.419227 0.691827 0.038108 0.145050
0 0.604297 0.215278 0.022656 0.026852
0 0.493750 0.346296 0.010937 0.017593
0 0.517188 0.296528 0.012500 0.018981
0 0.487240 0.312037 0.011458 0.019444
0 0.504167 0.316204 0.011458 0.017593
0 0.561589 0.284722 0.010677 0.014815
0 0.565234 0.313657 0.010156 0.014352
0 0.577604 0.265278 0.012500 0.021296
0 0.444271 0.446991 0.030208 0.119907
0 0.465755 0.347917 0.032031 0.078241
0 0.470389 0.769991 0.048284 0.147056
0 0.490104 0.614815 0.025521 0.058333
0 0.487109 0.600926 0.019531 0.031481
0 0.453646 0.331019 0.013542 0.024074
0 0.539844 0.270833 0.009896 0.014815
0 0.537583 0.237230 0.032979 0.038503
0 0.531467 0.281314 0.010489 0.014789
0 0.545754 0.252701 0.011574 0.018004
0 0.515553 0.275527 0.035084 0.036651
