0 0.068490 0.902546 0.031250 0.041204
0 0.955729 0.323380 0.038021 0.036574
0 0.796484 0.303935 0.034115 0.028241
0 0.984635 0.358333 0.026042 0.025000
0 0.071484 0.403704 0.037240 0.045370
0 0.903255 0.270370 0.036198 0.039815
0 0.912891 0.768519 0.029948 0.051852
0 0.857292 0.301389 0.034896 0.037037
0 0.921094 0.423843 0.035937 0.043981
0 0.768229 0.358796 0.034375 0.037037
0 0.762891 0.431713 0.034115 0.033796
0 0.751302 0.333565 0.039583 0.037500
0 0.812630 0.329630 0.030990 0.037037
0 0.408724 0.363657 0.034115 0.026389
0 0.833854 0.393750 0.101042 0.083796
0 0.242578 0.390741 0.021615 0.022222
0 0.875781 0.409491 0.035417 0.036574
0 0.199870 0.425231 0.036719 0.039352
0 0.900911 0.231713 0.038281 0.037500
0 0.836719 0.431713 0.034896 0.034722
0 0.771224 0.473148 0.037240 0.032407
0 0.502003 0.374169 0.032719 0.041548
0 0.471955 0.868590 0.016693 0.061728
0 0.510350 0.872745 0.018697 0.058167
0 0.914997 0.345085 0.046741 0.042735
0 0.680288 0.814577 0.035390 0.041548
