0 0.230990 0.503704 0.036979 0.039815
0 0.959635 0.868056 0.030208 0.047222
0 0.981380 0.215509 0.036198 0.041204
0 0.846745 0.479167 0.032552 0.045370
0 0.874740 0.285417 0.033333 0.037500
0 0.735547 0.344444 0.039844 0.036111
0 0.849089 0.413426 0.032031 0.034259
0 0.983333 0.335648 0.032292 0.047222
0 0.744401 0.436111 0.032552 0.032407
0 0.502734 0.382639 0.031510 0.032870
0 0.921745 0.334954 0.035156 0.034722
0 0.358073 0.503935 0.032292 0.031944
0 0.773438 0.317361 0.027604 0.026389
0 0.831771 0.313889 0.032813 0.034259
0 0.790234 0.341667 0.028906 0.036111
0 0.415198 0.374169 0.032719 0.029677
0 0.809495 0.399098 0.092147 0.070038
0 0.885617 0.351021 0.044071 0.045109
0 0.548411 0.706553 0.032051 0.032051
0 0.511351 0.843067 0.018029 0.051045
0 0.475962 0.842474 0.018029 0.052232
