0 0.308580 0.418511 0.027631 0.018503
0 0.827936 0.414456 0.008998 0.012245
0 0.593750 0.442593 0.011458 0.009259
0 0.478410 0.075744 0.004674 0.012330
0 0.759635 0.436574 0.009896 0.008333
0 0.156771 0.458333 0.011458 0.011111
0 0.953520 0.416483 0.010165 0.007775
0 0.912886 0.391731 0.011458 0.010185
0 0.672656 0.926852 0.010937 0.020370
0 0.885691 0.390286 0.008881 0.006466
0 0.658073 0.470833 0.010937 0.010185
0 0.191667 0.485648 0.010417 0.010185
0 0.645833 0.473148 0.011458 0.011111
0 0.906250 0.421759 0.009375 0.010185
0 0.492969 0.831944 0.006771 0.017593
0 0.498698 0.764352 0.006771 0.012037
0 0.961458 0.598148 0.007292 0.012963
0 0.498437 0.748611 0.006250 0.015741
0 0.301302 0.451389 0.010937 0.008333
0 0.438968 0.918487 0.006439 0.020307
0 0.133594 0.429167 0.008854 0.010185
0 0.429755 0.588434 0.005074 0.013905
0 0.689583 0.441667 0.007292 0.009259
0 0.679167 0.441204 0.009375 0.010185
0 0.917857 0.371089 0.009204 0.008780
0 0.460604 0.324272 0.003339 0.010684
0 0.461049 0.190527 0.003339 0.009101
0 0.479857 0.201211 0.004006 0.007518
0 0.495548 0.193890 0.004229 0.011079
0 0.494213 0.155112 0.004229 0.008705
0 0.491765 0.100309 0.003339 0.009101
