0 0.835417 0.444444 0.008333 0.009259
0 0.235677 0.424074 0.008854 0.009259
0 0.179948 0.433333 0.009896 0.009259
0 0.482031 0.224074 0.006771 0.012963
0 0.369531 0.448611 0.009896 0.008333
0 0.017188 0.466667 0.010417 0.009259
0 0.258333 0.452315 0.009375 0.008333
0 0.734115 0.419444 0.007812 0.009259
0 0.442448 0.487037 0.006771 0.018519
0 0.422135 0.667130 0.011979 0.012037
0 0.228906 0.565741 0.007812 0.012963
0 0.473698 0.915741 0.008854 0.020370
0 0.120573 0.430556 0.008854 0.009259
0 0.940365 0.375463 0.014063 0.010185
0 0.442188 0.378241 0.006250 0.013889
0 0.285417 0.508333 0.011458 0.012963
0 0.491406 0.340278 0.010937 0.010185
0 0.438802 0.968981 0.008854 0.023148
0 0.524479 0.392130 0.011458 0.012037
0 0.402344 0.680556 0.008854 0.014815
0 0.490104 0.462963 0.006250 0.011111
0 0.337500 0.425463 0.008333 0.010185
0 0.901823 0.439352 0.007812 0.008333
0 0.477604 0.011574 0.005208 0.006481
0 0.471615 0.788889 0.006771 0.014815
0 0.938802 0.376389 0.009896 0.008333
0 0.496094 0.177315 0.006771 0.010185
0 0.963542 0.600463 0.006250 0.013889
0 0.537500 0.396759 0.012500 0.010185
0 0.288281 0.321296 0.007812 0.012963
0 0.283333 0.509722 0.008333 0.010185
0 0.514844 0.533333 0.005729 0.014815
0 0.335938 0.471296 0.007292 0.009259
0 0.986719 0.394907 0.008854 0.015741
0 0.515625 0.162037 0.006250 0.009259
0 0.502083 0.319444 0.008333 0.009259
0 0.537240 0.373611 0.007812 0.008333
0 0.540365 0.396759 0.007812 0.008333
0 0.162240 0.441204 0.007812 0.008333
0 0.246354 0.480556 0.005208 0.007407
0 0.004687 0.801852 0.009375 0.018519
