0 0.949219 0.264352 0.047917 0.053704
0 0.622656 0.633565 0.042708 0.047685
0 0.792578 0.796759 0.048698 0.058333
0 0.355339 0.492361 0.033073 0.020833
0 0.877995 0.410185 0.051823 0.051852
0 0.856380 0.269444 0.047135 0.055556
0 0.500000 0.579630 0.030208 0.019444
0 0.925000 0.222454 0.044792 0.050463
0 0.368750 0.306713 0.048958 0.038426
0 0.735417 0.288657 0.022396 0.024537
0 0.687760 0.893056 0.047396 0.058333
0 0.912109 0.483796 0.032552 0.040741
0 0.884896 0.307176 0.048438 0.052315
0 0.797005 0.373380 0.016927 0.016204
0 0.779036 0.354398 0.026302 0.029167
0 0.777214 0.297454 0.021094 0.020833
0 0.804297 0.541204 0.019010 0.018519
0 0.819531 0.358565 0.021354 0.018981
0 0.737500 0.335185 0.017188 0.022222
0 0.721354 0.281713 0.019792 0.019907
0 0.761849 0.292593 0.021094 0.020370
0 0.953255 0.367361 0.091406 0.098611
0 0.978776 0.412037 0.040885 0.049074
0 0.504948 0.323148 0.045312 0.050000
0 0.885286 0.471065 0.047135 0.046759
0 0.778385 0.271296 0.027083 0.019444
0 0.988151 0.649074 0.022135 0.087963
