0 0.694010 0.411111 0.030729 0.018519
0 0.509375 0.397685 0.006250 0.010185
0 0.250260 0.534722 0.008854 0.013889
0 0.587500 0.443056 0.008333 0.008333
0 0.907292 0.446759 0.010417 0.010185
0 0.142969 0.456944 0.010937 0.008333
0 0.290104 0.502778 0.010417 0.012963
0 0.471094 0.402778 0.005729 0.011111
0 0.601302 0.436574 0.007812 0.008333
0 0.083073 0.437963 0.009896 0.009259
0 0.242188 0.450926 0.019792 0.011111
0 0.398438 0.417593 0.008333 0.007407
0 0.962500 0.446759 0.009375 0.008333
0 0.173177 0.479167 0.027604 0.015741
0 0.471875 0.473611 0.006250 0.013889
0 0.102460 0.431494 0.009608 0.006750
0 0.466406 0.717130 0.006771 0.015741
0 0.185677 0.447685 0.010937 0.008333
0 0.223698 0.706019 0.007812 0.013889
0 0.440954 0.509454 0.006250 0.013986
0 0.237240 0.450926 0.009896 0.009259
0 0.465365 0.500000 0.006771 0.011111
0 0.436637 0.558650 0.006661 0.014279
0 0.218956 0.592544 0.008224 0.014717
0 0.720833 0.419444 0.008333 0.009259
0 0.660417 0.419444 0.008333 0.009259
0 0.966667 0.602315 0.006250 0.013889
0 0.443750 0.672685 0.006250 0.013889
0 0.696615 0.408796 0.024479 0.012037
0 0.470052 0.338426 0.005729 0.010185
0 0.229427 0.567130 0.006771 0.010185
0 0.516927 0.471296 0.005729 0.011111
0 0.506510 0.940741 0.007812 0.018519
0 0.136979 0.441204 0.009375 0.008333
0 0.127638 0.323952 0.009252 0.010965
0 0.492736 0.438170 0.006168 0.017666
0 0.482100 0.246624 0.004137 0.009360
0 0.435563 0.269187 0.004325 0.008357
0 0.485954 0.182444 0.002820 0.007354
0 0.497518 0.136315 0.004137 0.008691
