0 0.482552 0.759722 0.044271 0.039815
0 0.756901 0.712500 0.036719 0.049074
0 0.984766 0.796296 0.028906 0.070370
0 0.904687 0.283102 0.042188 0.047685
0 0.820833 0.289120 0.041667 0.049537
0 0.962630 0.246065 0.048177 0.050463
0 0.840885 0.415741 0.045312 0.045370
0 0.846484 0.322222 0.043490 0.046296
0 0.937240 0.913657 0.048438 0.059722
0 0.936849 0.416435 0.047656 0.043981
0 0.599740 0.797454 0.019792 0.021759
0 0.699870 0.299769 0.019010 0.018981
0 0.503255 0.338426 0.041406 0.044444
0 0.932813 0.366204 0.131771 0.110185
0 0.747005 0.290509 0.019010 0.018056
0 0.848568 0.469907 0.045573 0.044444
0 0.381120 0.324074 0.042969 0.034259
0 0.889714 0.444213 0.037240 0.036574
0 0.882161 0.247917 0.039844 0.043981
0 0.984375 0.388889 0.029167 0.036111
0 0.736719 0.310880 0.022396 0.018981
0 0.871484 0.482870 0.027865 0.035185
0 0.987370 0.459722 0.024219 0.051852
