0 0.848698 0.413889 0.029687 0.018519
0 0.717708 0.413889 0.009375 0.009259
0 0.819531 0.443981 0.010937 0.012037
0 0.617708 0.413426 0.008333 0.008333
0 0.026823 0.487500 0.031771 0.017593
0 0.387240 0.445370 0.008854 0.009259
0 0.916146 0.425000 0.008333 0.009259
0 0.682292 0.443056 0.010417 0.010185
0 0.331771 0.418056 0.007292 0.008333
0 0.062760 0.459259 0.020313 0.011111
0 0.748437 0.443056 0.009375 0.008333
0 0.947135 0.378241 0.009896 0.010185
0 0.969010 0.603704 0.007812 0.014815
0 0.352083 0.218519 0.008333 0.009259
0 0.539844 0.614352 0.009896 0.015741
0 0.215365 0.678241 0.008854 0.015741
0 0.560156 0.656019 0.009896 0.013889
0 0.212240 0.613889 0.007812 0.014815
0 0.217708 0.429630 0.008333 0.009259
0 0.360417 0.437963 0.007292 0.009259
0 0.134896 0.426389 0.008333 0.008333
0 0.745573 0.420370 0.008854 0.009259
0 0.232031 0.560648 0.009896 0.013889
0 0.941146 0.421296 0.008333 0.009259
0 0.280729 0.511574 0.008333 0.010185
0 0.501563 0.690741 0.007292 0.020370
0 0.495833 0.041667 0.005208 0.009259
0 0.249479 0.539352 0.008333 0.012037
0 0.069531 0.459722 0.007812 0.008333
0 0.445312 0.384259 0.005208 0.009259
0 0.467969 0.369907 0.004687 0.010185
0 0.444271 0.417593 0.005208 0.011111
0 0.466667 0.256944 0.006250 0.010185
0 0.344792 0.423611 0.008333 0.008333
0 0.446875 0.500463 0.006250 0.013889
0 0.038281 0.484259 0.008854 0.011111
0 0.492708 0.386111 0.006250 0.011111
0 0.517188 0.462963 0.007292 0.012963
0 0.492448 0.637963 0.005729 0.012963
0 0.313281 0.749537 0.010937 0.010185
0 0.058073 0.459722 0.009896 0.010185
0 0.518750 0.531944 0.005208 0.012037
0 0.200000 0.422685 0.007292 0.008333
0 0.212500 0.648611 0.006250 0.010185
0 0.199740 0.422685 0.007812 0.008333
0 0.504894 0.262931 0.004041 0.010377
0 0.489628 0.222621 0.004041 0.007982
0 0.472566 0.222621 0.007633 0.011175
0 0.471893 0.174330 0.003592 0.013570
0 0.485363 0.100495 0.007184 0.006386
0 0.499506 0.119652 0.004939 0.011175
0 0.472117 0.136414 0.005837 0.009579
