0 0.177734 0.815741 0.034635 0.038889
0 0.967448 0.939352 0.033333 0.049074
0 0.937500 0.253472 0.039062 0.043056
0 0.768880 0.321065 0.034635 0.041204
0 0.887500 0.285417 0.039062 0.040278
0 0.820182 0.288657 0.032552 0.031944
0 0.887109 0.676852 0.028906 0.060185
0 0.839193 0.316667 0.034115 0.039815
0 0.934245 0.211574 0.042969 0.043519
0 0.785547 0.427315 0.036719 0.037037
0 0.862370 0.386111 0.109635 0.090741
0 0.028385 0.293519 0.038021 0.050000
0 0.790365 0.347917 0.036458 0.038426
0 0.245443 0.592593 0.037240 0.037037
0 0.949479 0.328935 0.050521 0.051389
0 0.685547 0.364583 0.025260 0.026389
0 0.907682 0.403009 0.038281 0.039352
0 0.794010 0.473380 0.040625 0.034722
0 0.990104 0.310417 0.018229 0.031944
0 0.510684 0.902422 0.019364 0.060541
0 0.471621 0.903015 0.018697 0.056980
0 0.082666 0.284544 0.022035 0.026116
0 0.503005 0.361111 0.034722 0.039174
0 0.400841 0.352208 0.044071 0.033238
