0 0.803255 0.764815 0.064844 0.071296
0 0.037240 0.472685 0.071875 0.073148
0 0.712500 0.809259 0.070833 0.070370
0 0.962500 0.867824 0.059375 0.074537
0 0.471615 0.704630 0.064583 0.063889
0 0.326693 0.226157 0.066406 0.053241
0 0.912240 0.319444 0.027604 0.023148
0 0.858984 0.286806 0.027344 0.024537
0 0.916667 0.156250 0.026042 0.025463
0 0.885026 0.217130 0.025781 0.027778
0 0.017578 0.364120 0.035156 0.062500
0 0.165755 0.471991 0.055469 0.048611
0 0.827214 0.204630 0.028906 0.032407
0 0.908594 0.744213 0.026042 0.031944
0 0.583984 0.508102 0.040365 0.046759
0 0.957812 0.289583 0.029687 0.023611
0 0.863932 0.210185 0.027344 0.025926
0 0.808073 0.193981 0.024479 0.027778
0 0.512370 0.246991 0.060677 0.068056
0 0.979688 0.437731 0.035417 0.028241
0 0.856380 0.256713 0.024219 0.032870
0 0.943490 0.376157 0.030729 0.027315
0 0.837760 0.238657 0.023438 0.026389
0 0.905729 0.528009 0.034375 0.027315
0 0.979948 0.186806 0.039062 0.063426
0 0.963411 0.315278 0.037240 0.026852
0 0.925260 0.351852 0.026562 0.025000
0 0.855078 0.261111 0.022656 0.026852
0 0.598047 0.312269 0.032552 0.029167
0 0.921875 0.550000 0.028125 0.025000
0 0.949219 0.347222 0.024479 0.027778
0 0.968099 0.414352 0.027344 0.031481
0 0.973307 0.349537 0.022135 0.025000
0 0.955339 0.398148 0.027865 0.030556
0 0.860417 0.245602 0.017708 0.018056
0 0.931771 0.568519 0.032813 0.026852
0 0.993359 0.383333 0.012760 0.045370
0 0.909766 0.494444 0.027344 0.029630
0 0.987630 0.089352 0.023177 0.026852
