0 0.385677 0.415741 0.029687 0.018519
0 0.069271 0.434259 0.009375 0.009259
0 0.043261 0.466323 0.009115 0.009882
0 0.936198 0.417130 0.007812 0.006481
0 0.958854 0.393519 0.008333 0.011111
0 0.645573 0.436111 0.009896 0.009259
0 0.984115 0.447685 0.007812 0.008333
0 0.190966 0.456817 0.009896 0.008333
0 0.330163 0.751996 0.011369 0.013250
0 0.947396 0.424074 0.009375 0.009259
0 0.568490 0.419444 0.007812 0.009259
0 0.496763 0.207878 0.004391 0.012021
0 0.138021 0.436111 0.009375 0.011111
0 0.483854 0.289352 0.005208 0.010185
0 0.415885 0.446296 0.007812 0.009259
0 0.590104 0.442593 0.008333 0.009259
0 0.498253 0.251261 0.005577 0.008589
0 0.441527 0.712205 0.005056 0.017800
0 0.254427 0.423611 0.008854 0.010185
0 0.961979 0.599074 0.007292 0.012963
0 0.601042 0.442130 0.008333 0.008333
0 0.280208 0.756019 0.010417 0.012037
0 0.460497 0.108669 0.004167 0.010185
0 0.459878 0.239615 0.005172 0.010712
0 0.480388 0.130244 0.004867 0.013139
0 0.375781 0.413889 0.007812 0.012963
0 0.494450 0.151333 0.003807 0.010073
0 0.838905 0.340166 0.009061 0.009962
0 0.503772 0.906889 0.006735 0.019556
