0 0.925781 0.416204 0.029687 0.017593
0 0.710417 0.443056 0.011458 0.010185
0 0.727865 0.414352 0.008854 0.010185
0 0.566927 0.442593 0.010937 0.011111
0 0.603646 0.702315 0.010417 0.015741
0 0.485919 0.028941 0.005027 0.016193
0 0.862500 0.422685 0.009375 0.010185
0 0.283854 0.447685 0.010417 0.008333
0 0.825521 0.416667 0.009375 0.007407
0 0.344531 0.423611 0.007812 0.008333
0 0.570052 0.675926 0.009896 0.016667
0 0.492188 0.318981 0.006250 0.010185
0 0.236458 0.442593 0.008333 0.009259
0 0.364323 0.730093 0.010937 0.013889
0 0.211198 0.658333 0.007812 0.014815
0 0.273177 0.516204 0.008854 0.013889
0 0.528906 0.393056 0.011979 0.012037
0 0.248958 0.419907 0.009375 0.008333
0 0.272917 0.516667 0.008333 0.012963
0 0.233854 0.718056 0.009375 0.013889
0 0.496875 0.534259 0.006250 0.012963
0 0.445573 0.437500 0.006771 0.012037
0 0.471094 0.091204 0.004687 0.010185
0 0.640104 0.441667 0.010417 0.009259
0 0.251563 0.537037 0.008333 0.012963
0 0.283073 0.510648 0.008854 0.012037
0 0.545052 0.396296 0.009896 0.009259
0 0.498958 0.953704 0.007292 0.020370
0 0.539844 0.611574 0.006771 0.012037
0 0.507292 0.867593 0.007292 0.027778
0 0.314844 0.418056 0.007812 0.008333
0 0.969792 0.604167 0.007292 0.015741
0 0.305420 0.248536 0.006771 0.011111
0 0.448607 0.353542 0.005208 0.010185
0 0.468229 0.250463 0.005208 0.010185
0 0.450781 0.318056 0.005729 0.010185
0 0.216667 0.602315 0.007292 0.013889
0 0.228646 0.576852 0.007292 0.012963
0 0.519271 0.534259 0.005208 0.012963
0 0.676562 0.467593 0.007292 0.009259
0 0.219531 0.687963 0.005729 0.012963
0 0.467842 0.167313 0.004845 0.008613
0 0.472232 0.130975 0.003937 0.009152
0 0.489190 0.172158 0.004542 0.009690
0 0.502513 0.183193 0.005148 0.006998
