0 0.017188 0.461111 0.020833 0.011111
0 0.765365 0.443981 0.010937 0.010185
0 0.771094 0.415278 0.008854 0.008333
0 0.335938 0.446296 0.009375 0.007407
0 0.623958 0.442593 0.011458 0.009259
0 0.886979 0.414815 0.030208 0.016667
0 0.694531 0.442593 0.008854 0.009259
0 0.672656 0.413889 0.008854 0.009259
0 0.222656 0.699537 0.008854 0.015741
0 0.504663 0.773915 0.005257 0.021904
0 0.339323 0.744444 0.010937 0.012963
0 0.407813 0.422685 0.009375 0.008333
0 0.447656 0.350926 0.005729 0.011111
0 0.292236 0.506771 0.011719 0.012384
0 0.209635 0.635648 0.007812 0.013889
0 0.980208 0.427778 0.009375 0.009259
0 0.804688 0.421759 0.008333 0.008333
0 0.987500 0.387500 0.012500 0.010185
0 0.387760 0.417593 0.007812 0.007407
0 0.580208 0.682407 0.010417 0.016667
0 0.237760 0.556019 0.007812 0.012037
0 0.497458 0.068254 0.005084 0.008995
0 0.471094 0.131019 0.004687 0.010185
0 0.445833 0.467593 0.006250 0.012963
0 0.969531 0.604167 0.007812 0.015741
0 0.490104 0.268981 0.005208 0.010185
0 0.258073 0.419907 0.007812 0.008333
0 0.282031 0.427315 0.007812 0.008333
0 0.445573 0.384722 0.004687 0.010185
0 0.214754 0.667159 0.004867 0.011979
0 0.223177 0.581481 0.007812 0.011111
0 0.264844 0.524074 0.007812 0.011111
0 0.496004 0.783058 0.006364 0.019531
0 0.467448 0.307870 0.004687 0.010185
0 0.876563 0.412963 0.008333 0.011111
0 0.552604 0.646759 0.009375 0.015741
0 0.298958 0.440741 0.009375 0.009259
0 0.467684 0.211464 0.005208 0.009259
0 0.192708 0.423611 0.009375 0.008333
0 0.487091 0.133774 0.005481 0.009347
0 0.326612 0.231305 0.008978 0.010053
0 0.530469 0.576389 0.006771 0.012037
0 0.223438 0.580556 0.009375 0.014815
0 0.023958 0.461111 0.008333 0.009259
0 0.484995 0.013095 0.005208 0.018783
0 0.506917 0.295139 0.004069 0.008681
0 0.495536 0.454806 0.003472 0.011023
0 0.472470 0.173721 0.003968 0.008818
0 0.500868 0.151235 0.003224 0.008818
0 0.471726 0.097443 0.002976 0.007937
0 0.454861 0.039021 0.003968 0.011023
