0 0.587500 0.436111 0.009375 0.009259
0 0.558006 0.445564 0.008624 0.007666
0 0.422917 0.412500 0.020833 0.013889
0 0.623177 0.418519 0.008854 0.009259
0 0.934635 0.446759 0.008854 0.008333
0 0.871500 0.354554 0.009666 0.010960
0 0.498326 0.238161 0.004390 0.011508
0 0.047396 0.442130 0.010417 0.008333
0 0.125260 0.430556 0.009896 0.009259
0 0.264323 0.524074 0.007812 0.011111
0 0.364492 0.449225 0.008854 0.009259
0 0.040365 0.494444 0.010937 0.011111
0 0.441521 0.628079 0.005499 0.016064
0 0.495387 0.179034 0.005060 0.008069
0 0.311882 0.753887 0.009714 0.007946
0 0.507552 0.993519 0.009896 0.011111
0 0.205469 0.431481 0.008854 0.009259
0 0.962240 0.600000 0.006771 0.014815
0 0.460477 0.072027 0.004046 0.009819
0 0.133073 0.459722 0.010937 0.008333
0 0.313802 0.422685 0.007812 0.008333
0 0.480841 0.159193 0.004539 0.012831
0 0.005814 0.438426 0.008333 0.008333
0 0.358860 0.734550 0.010235 0.011090
0 0.990365 0.418056 0.008854 0.010185
0 0.500848 0.281708 0.003634 0.010228
0 0.460423 0.202842 0.002725 0.008613
0 0.493644 0.125318 0.004973 0.009681
