0 0.411849 0.839120 0.020052 0.047685
0 0.585547 0.804167 0.022656 0.037963
0 0.479818 0.770602 0.020052 0.043981
0 0.515365 0.959491 0.035417 0.077315
0 0.414062 0.665278 0.018229 0.037963
0 0.525651 0.695139 0.015365 0.028241
0 0.473828 0.607870 0.014844 0.028704
0 0.476432 0.533102 0.012760 0.019907
0 0.470833 0.655556 0.013542 0.026852
0 0.496224 0.535880 0.011719 0.018981
0 0.507292 0.515278 0.012500 0.020370
0 0.486849 0.572685 0.011719 0.019444
0 0.520182 0.637500 0.012760 0.023148
0 0.548958 0.572685 0.018229 0.075000
0 0.539844 0.517361 0.023438 0.055093
0 0.552604 0.682176 0.015104 0.026389
0 0.429557 0.592361 0.014844 0.029167
0 0.455208 0.582176 0.030729 0.093056
0 0.590234 0.456713 0.012240 0.019907
0 0.560807 0.488194 0.009635 0.014352
0 0.526432 0.565741 0.011719 0.018519
0 0.648438 0.945833 0.084375 0.107407
0 0.573958 0.474306 0.009896 0.013426
0 0.599479 0.422222 0.028125 0.031481
0 0.520964 0.494907 0.009115 0.013889
0 0.584115 0.484954 0.009375 0.012500
0 0.516797 0.454861 0.033073 0.043981
0 0.534115 0.480556 0.009896 0.013889
0 0.531120 0.464815 0.010156 0.015741
0 0.651693 0.809722 0.014844 0.034259
0 0.690173 0.921540 0.115132 0.152290
0 0.445068 0.717593 0.024414 0.154803
0 0.561543 0.451884 0.034277 0.043526
0 0.503673 0.494816 0.034277 0.035217
