0 0.357031 0.532176 0.051042 0.056019
0 0.954427 0.391204 0.063542 0.061111
0 0.805078 0.831713 0.057031 0.066204
0 0.928776 0.222222 0.058073 0.066667
0 0.462370 0.663657 0.057031 0.059722
0 0.782813 0.244676 0.025521 0.029167
0 0.963281 0.785417 0.043750 0.054167
0 0.864844 0.546759 0.023958 0.024074
0 0.345313 0.265046 0.057292 0.045833
0 0.963802 0.266204 0.061979 0.064815
0 0.815755 0.250463 0.025260 0.024074
0 0.044010 0.391204 0.027604 0.020370
0 0.833073 0.256250 0.023958 0.021759
0 0.201823 0.435417 0.023958 0.019907
0 0.582812 0.360185 0.020313 0.016667
0 0.884115 0.394907 0.025521 0.023148
0 0.857422 0.345602 0.022656 0.018981
0 0.883984 0.329630 0.023177 0.024074
0 0.877995 0.565509 0.032031 0.022685
0 0.828646 0.225000 0.020833 0.021296
0 0.905859 0.428704 0.023177 0.027778
0 0.913151 0.449074 0.024740 0.024074
0 0.965234 0.462500 0.063281 0.059259
0 0.767318 0.234954 0.020052 0.022685
0 0.508854 0.283102 0.054688 0.057870
0 0.991276 0.176620 0.016406 0.042130
0 0.987109 0.482407 0.023698 0.037037
0 0.989062 0.974537 0.020833 0.046296
