0 0.417187 0.445370 0.011458 0.012963
0 0.841667 0.437963 0.008333 0.009259
0 0.539844 0.411111 0.029687 0.020370
0 0.176563 0.426389 0.008333 0.008333
0 0.786458 0.443981 0.010417 0.010185
0 0.789062 0.420370 0.009375 0.011111
0 0.268804 0.521093 0.010474 0.014724
0 0.485926 0.259768 0.004433 0.012904
0 0.290104 0.420370 0.008333 0.009259
0 0.476396 0.906167 0.007412 0.021593
0 0.204687 0.454630 0.009375 0.009259
0 0.505990 0.378241 0.006771 0.012037
0 0.403125 0.423148 0.009375 0.009259
0 0.493229 0.534722 0.006250 0.013889
0 0.445161 0.339342 0.004905 0.012674
0 0.417448 0.647685 0.006771 0.013889
0 0.246094 0.430093 0.009896 0.010185
0 0.442902 0.434473 0.004820 0.011538
0 0.326302 0.449537 0.010937 0.008333
0 0.391927 0.696296 0.008854 0.012963
0 0.498594 0.207335 0.004584 0.009417
0 0.973805 0.383244 0.012193 0.010933
0 0.467581 0.904517 0.006343 0.020145
0 0.217369 0.592559 0.007971 0.013031
0 0.473825 0.781048 0.005475 0.021356
0 0.471835 0.670833 0.006250 0.013889
0 0.963802 0.600926 0.006771 0.014815
0 0.501156 0.267143 0.005371 0.009975
0 0.440024 0.901721 0.007292 0.019444
0 0.461916 0.105496 0.002955 0.007552
0 0.300126 0.474718 0.029551 0.015760
