0 0.119531 0.856250 0.034375 0.039352
0 0.977344 0.315046 0.039062 0.037500
0 0.964714 0.396296 0.037240 0.044444
0 0.897135 0.723148 0.030208 0.055556
0 0.115625 0.367593 0.035937 0.042593
0 0.807813 0.296991 0.032813 0.031944
0 0.919922 0.262037 0.037240 0.041667
0 0.825260 0.323148 0.032292 0.037963
0 0.757943 0.889120 0.034635 0.046759
0 0.776953 0.428935 0.028906 0.033796
0 0.757812 0.328704 0.032292 0.039815
0 0.916536 0.221759 0.041406 0.041667
0 0.890885 0.405787 0.035937 0.039352
0 0.871745 0.293287 0.036198 0.038426
0 0.253516 0.589120 0.036198 0.036574
0 0.404687 0.358796 0.034375 0.027778
0 0.778516 0.354398 0.034115 0.037500
0 0.847266 0.389352 0.104948 0.088889
0 0.850260 0.430093 0.036458 0.036111
0 0.816276 0.452778 0.034115 0.032407
0 0.931120 0.334954 0.047656 0.046759
0 0.164463 0.345679 0.025374 0.024929
0 0.501669 0.368827 0.032051 0.035613
0 0.511018 0.885209 0.020032 0.056980
0 0.473291 0.886396 0.020700 0.059354
