0 0.437109 0.571991 0.032031 0.083796
0 0.479948 0.852083 0.043229 0.117130
0 0.416276 0.350694 0.021615 0.054167
0 0.616927 0.529861 0.033854 0.058796
0 0.728776 0.693750 0.047135 0.081019
0 0.609115 0.349074 0.084375 0.192593
0 0.481641 0.270602 0.018490 0.039352
0 0.750391 0.889120 0.055469 0.102315
0 0.475000 0.187269 0.018750 0.040278
0 0.520964 0.164815 0.014844 0.027778
0 0.429297 0.071296 0.013281 0.023148
0 0.489193 0.027083 0.014323 0.023611
0 0.473958 0.106944 0.014063 0.027778
0 0.416526 0.182983 0.024720 0.079404
0 0.548828 0.086111 0.012240 0.020370
0 0.446337 0.263230 0.025554 0.085577
0 0.451823 0.072454 0.031250 0.094907
0 0.480990 0.055787 0.011979 0.019907
0 0.532943 0.024769 0.011719 0.020833
0 0.574349 0.021759 0.010677 0.017593
0 0.542254 0.541839 0.091146 0.337500
0 0.524349 0.078472 0.020573 0.086574
0 0.501302 0.599306 0.084896 0.375463
0 0.469141 0.032176 0.010677 0.018056
0 0.503255 0.007407 0.012240 0.014815
