0 0.051562 0.239352 0.026562 0.037963
0 0.974740 0.218519 0.028125 0.034259
0 0.951042 0.305787 0.031771 0.031944
0 0.438281 0.572454 0.028646 0.027315
0 0.935026 0.242361 0.033594 0.036574
0 0.573958 0.598148 0.027083 0.030556
0 0.794922 0.587037 0.016406 0.048148
0 0.366797 0.675926 0.027344 0.025926
0 0.761719 0.355556 0.026042 0.031481
0 0.837760 0.305093 0.029167 0.034259
0 0.814844 0.421296 0.028125 0.031481
0 0.748568 0.334954 0.026823 0.023611
0 0.719792 0.441204 0.028646 0.027778
0 0.983594 0.173380 0.029167 0.033796
0 0.880339 0.349769 0.031510 0.030093
0 0.799089 0.331019 0.028906 0.031481
0 0.897917 0.272917 0.029167 0.031019
0 0.595820 0.545109 0.020032 0.027303
0 0.508347 0.810423 0.018697 0.052232
0 0.478632 0.812797 0.014022 0.049858
0 0.895299 0.378324 0.079460 0.066477
0 0.846221 0.365859 0.040064 0.034425
0 0.782452 0.440646 0.035390 0.027303
0 0.777778 0.409782 0.080796 0.072412
0 0.727030 0.476852 0.031384 0.028490
0 0.726028 0.380104 0.033387 0.034425
0 0.707999 0.363485 0.033387 0.029677
0 0.425548 0.389008 0.033387 0.021368
0 0.502337 0.393756 0.026709 0.030864
