0 0.851823 0.445833 0.010937 0.010185
0 0.734663 0.411167 0.026507 0.016778
0 0.540128 0.441473 0.009896 0.010185
0 0.983333 0.449074 0.010417 0.011111
0 0.441146 0.476852 0.007292 0.012963
0 0.273438 0.513889 0.010417 0.011111
0 0.908854 0.446296 0.009375 0.007407
0 0.149219 0.431944 0.008854 0.008333
0 0.237760 0.551389 0.008854 0.013889
0 0.470833 0.336574 0.005208 0.010185
0 0.557292 0.413889 0.008333 0.009259
0 0.022135 0.435648 0.009896 0.013889
0 0.512240 0.431944 0.005729 0.010185
0 0.125260 0.450926 0.010937 0.009259
0 0.445052 0.623148 0.006771 0.014815
0 0.096615 0.459722 0.009896 0.008333
0 0.239583 0.728241 0.008333 0.013889
0 0.777083 0.419907 0.009375 0.008333
0 0.164583 0.306019 0.008333 0.010185
0 0.466927 0.612037 0.006771 0.014815
0 0.493750 0.492593 0.007292 0.016667
0 0.211198 0.614815 0.007812 0.012963
0 0.159115 0.426389 0.007812 0.008333
0 0.561719 0.420370 0.007812 0.009259
0 0.465625 0.430093 0.006250 0.010185
0 0.471094 0.398611 0.005729 0.012037
0 0.834635 0.339815 0.008854 0.009259
0 0.526823 0.554630 0.007812 0.014815
0 0.966927 0.603241 0.006771 0.013889
0 0.521094 0.507407 0.006771 0.012963
0 0.517448 0.531019 0.005729 0.012037
0 0.484449 0.324711 0.007018 0.012385
0 0.438802 0.520833 0.005729 0.012037
0 0.140398 0.483067 0.033921 0.016135
0 0.204167 0.452778 0.007292 0.009259
0 0.194297 0.452719 0.011820 0.009850
0 0.470412 0.280339 0.004802 0.011820
0 0.422577 0.242579 0.005171 0.009850
0 0.487773 0.224521 0.004802 0.011820
0 0.484449 0.108616 0.004063 0.011164
