0 0.433984 0.776389 0.029948 0.080556
0 0.498307 0.578935 0.023177 0.049537
0 0.733854 0.900000 0.048438 0.085185
0 0.607422 0.588194 0.028385 0.045833
0 0.482682 0.465972 0.022656 0.050463
0 0.583464 0.624769 0.028385 0.049537
0 0.541146 0.478241 0.020313 0.035185
0 0.442969 0.250463 0.014583 0.025000
0 0.484115 0.258565 0.014063 0.024537
0 0.559245 0.389815 0.045052 0.119444
0 0.417839 0.349306 0.015365 0.028241
0 0.473307 0.359028 0.015365 0.031019
0 0.416286 0.505235 0.028886 0.117308
0 0.521094 0.315741 0.013021 0.022222
0 0.477083 0.291898 0.012500 0.022685
0 0.497526 0.234722 0.011719 0.017593
0 0.508724 0.206481 0.011198 0.019444
0 0.471484 0.232639 0.031510 0.073611
0 0.491276 0.203009 0.010677 0.019907
0 0.557943 0.233333 0.011198 0.016667
0 0.522005 0.188426 0.012240 0.017593
0 0.592318 0.168519 0.010677 0.015741
0 0.556120 0.190278 0.011719 0.016667
0 0.594792 0.147917 0.010937 0.014352
0 0.528255 0.248380 0.021094 0.068981
0 0.571224 0.169213 0.013281 0.022685
0 0.543880 0.209259 0.010677 0.016667
0 0.447706 0.322472 0.029267 0.105057
0 0.542057 0.165509 0.009115 0.013426
0 0.458504 0.582799 0.035597 0.121439
0 0.572316 0.137464 0.034054 0.039886
0 0.549679 0.128205 0.032853 0.037037
0 0.551683 0.143519 0.009615 0.017806
0 0.535056 0.174145 0.009215 0.014957
0 0.521034 0.167379 0.032452 0.035613
0 0.605168 0.112536 0.019631 0.024217
