0 0.371745 0.556019 0.029948 0.027778
0 0.949870 0.234028 0.034635 0.038426
0 0.508854 0.566204 0.033854 0.029630
0 0.536589 0.508796 0.027344 0.023148
0 0.984766 0.287500 0.028906 0.034259
0 0.809635 0.326157 0.029687 0.032870
0 0.424219 0.670833 0.029167 0.024074
0 0.849609 0.300000 0.029948 0.034259
0 0.771745 0.350694 0.028385 0.031944
0 0.720313 0.354630 0.036979 0.033333
0 0.927214 0.362731 0.083073 0.071759
0 0.733203 0.377778 0.030990 0.031481
0 0.802344 0.551852 0.017188 0.050926
0 0.893359 0.345602 0.032552 0.031019
0 0.825911 0.419907 0.030469 0.031481
0 0.756510 0.329630 0.027083 0.025926
0 0.845443 0.267593 0.028906 0.029630
0 0.988802 0.207176 0.020833 0.035648
0 0.475628 0.821700 0.013355 0.055793
0 0.508347 0.819326 0.017361 0.058167
0 0.857906 0.362892 0.040732 0.040361
0 0.788128 0.408001 0.085470 0.068851
0 0.791466 0.441833 0.030716 0.032051
0 0.734041 0.476852 0.032051 0.030864
0 0.726696 0.441239 0.032051 0.033238
0 0.502003 0.391975 0.026042 0.029677
0 0.420540 0.384853 0.028713 0.022555
