0 0.710677 0.785417 0.061458 0.066204
0 0.934375 0.922685 0.068229 0.078704
0 0.244661 0.480093 0.055990 0.061111
0 0.859115 0.680556 0.042708 0.051852
0 0.982161 0.253935 0.034115 0.053241
0 0.337630 0.243750 0.061719 0.049537
0 0.324089 0.606250 0.062760 0.065278
0 0.858333 0.235185 0.026562 0.025926
0 0.961979 0.198843 0.064062 0.072685
0 0.977214 0.382639 0.044010 0.058796
0 0.787630 0.213194 0.024219 0.026389
0 0.823177 0.295602 0.026042 0.022685
0 0.982943 0.464352 0.032552 0.047222
0 0.841016 0.227546 0.028385 0.028241
0 0.806380 0.223380 0.029427 0.031944
0 0.856120 0.201620 0.022656 0.023611
0 0.896224 0.216898 0.027344 0.043056
0 0.915234 0.382870 0.028906 0.026852
0 0.936979 0.418981 0.025521 0.028704
0 0.884896 0.330787 0.025521 0.021759
0 0.943750 0.441435 0.027604 0.025463
0 0.913672 0.314120 0.025260 0.024537
0 0.940625 0.358565 0.022917 0.023611
0 0.976953 0.318981 0.044010 0.037963
0 0.815885 0.255093 0.023958 0.025000
0 0.898047 0.360417 0.025260 0.022685
0 0.934245 0.326389 0.030990 0.027778
0 0.874349 0.524537 0.023698 0.026852
0 0.894271 0.546296 0.026042 0.024074
0 0.980599 0.427083 0.029948 0.024537
0 0.924089 0.406481 0.024219 0.025926
0 0.987500 0.887269 0.023958 0.056944
