0 0.600260 0.443056 0.010937 0.010185
0 0.657292 0.718519 0.012500 0.012963
0 0.969271 0.446296 0.009375 0.009259
0 0.976823 0.428241 0.008854 0.008333
0 0.619531 0.714815 0.011979 0.014815
0 0.838021 0.417130 0.008333 0.008333
0 0.555208 0.413889 0.007292 0.007407
0 0.182031 0.451852 0.008854 0.009259
0 0.597135 0.419907 0.009896 0.010185
0 0.531510 0.441667 0.008854 0.009259
0 0.513021 0.397685 0.006250 0.012037
0 0.110937 0.448611 0.008333 0.008333
0 0.928385 0.449074 0.010937 0.011111
0 0.264062 0.744907 0.011458 0.012037
0 0.213281 0.644907 0.007812 0.015741
0 0.222917 0.701852 0.008333 0.014815
0 0.573177 0.675000 0.007812 0.012963
0 0.469271 0.090741 0.005208 0.007407
0 0.545052 0.396296 0.011979 0.011111
0 0.933594 0.422685 0.008854 0.008333
0 0.446094 0.387037 0.005729 0.011111
0 0.472135 0.022685 0.004687 0.008333
0 0.405208 0.682407 0.009375 0.014815
0 0.496615 0.442130 0.005729 0.010185
0 0.244010 0.544907 0.007812 0.012037
0 0.530990 0.392593 0.009896 0.011111
0 0.469271 0.156019 0.005208 0.010185
0 0.546615 0.396296 0.007812 0.009259
0 0.490885 0.259259 0.005729 0.009259
0 0.539583 0.611111 0.007292 0.012963
0 0.254427 0.534722 0.008854 0.012037
0 0.428646 0.414352 0.008333 0.010185
0 0.502865 0.149074 0.004687 0.009259
0 0.229948 0.572222 0.007812 0.011111
0 0.238802 0.722685 0.006771 0.012037
0 0.971094 0.605093 0.006771 0.013889
0 0.520312 0.534259 0.006250 0.014815
0 0.216406 0.615278 0.006771 0.012037
0 0.677344 0.468519 0.007812 0.009259
0 0.503385 0.735648 0.006771 0.015741
0 0.994271 0.418519 0.010417 0.012963
0 0.488782 0.072056 0.004674 0.021961
0 0.287627 0.305021 0.005008 0.011871
0 0.360076 0.417794 0.008347 0.007123
