0 0.702083 0.435648 0.010417 0.008333
0 0.347135 0.416204 0.028646 0.017593
0 0.635156 0.441667 0.008854 0.009259
0 0.881771 0.414352 0.008333 0.008333
0 0.142708 0.487500 0.010417 0.010185
0 0.496934 0.962497 0.006132 0.021290
0 0.099740 0.462037 0.011979 0.009259
0 0.246615 0.452778 0.010937 0.009259
0 0.965365 0.423148 0.008854 0.007407
0 0.889844 0.420370 0.009896 0.009259
0 0.921615 0.391667 0.008854 0.007407
0 0.628262 0.473205 0.009292 0.008875
0 0.194271 0.425926 0.009375 0.009259
0 0.439585 0.808918 0.005205 0.017836
0 0.012240 0.438426 0.008854 0.008333
0 0.070312 0.439815 0.008333 0.009259
0 0.618629 0.470224 0.007812 0.010185
0 0.495450 0.181816 0.005341 0.011543
0 0.497437 0.222261 0.004500 0.007930
0 0.433608 0.550325 0.006771 0.014815
0 0.961458 0.599074 0.007292 0.012963
0 0.645573 0.442130 0.007812 0.008333
0 0.500521 0.824537 0.007292 0.017593
0 0.549543 0.445178 0.011115 0.007340
0 0.252742 0.744667 0.009386 0.010470
0 0.460037 0.280876 0.004503 0.009747
0 0.481967 0.243282 0.004895 0.009747
0 0.460722 0.147904 0.003524 0.009747
0 0.478535 0.101177 0.004318 0.013061
0 0.492601 0.125736 0.003894 0.008077
