0 0.813151 0.687963 0.024740 0.041667
0 0.896354 0.263194 0.030208 0.035648
0 0.219401 0.748843 0.026302 0.031019
0 0.932031 0.242130 0.026042 0.030556
0 0.752865 0.735185 0.026042 0.036111
0 0.843099 0.394213 0.074219 0.067130
0 0.234375 0.410880 0.025000 0.030093
0 0.613411 0.622454 0.026302 0.029167
0 0.883333 0.336574 0.028125 0.029630
0 0.908203 0.227083 0.023698 0.026389
0 0.508013 0.780745 0.015358 0.049858
0 0.479968 0.782526 0.016693 0.041548
0 0.689303 0.373575 0.028045 0.033238
0 0.704995 0.395537 0.024706 0.024929
0 0.737714 0.370014 0.020700 0.026116
0 0.771768 0.346866 0.022035 0.029677
0 0.806157 0.325499 0.025374 0.032051
0 0.940371 0.199668 0.029380 0.029677
0 0.814503 0.375356 0.035390 0.039174
0 0.786458 0.429962 0.027377 0.027303
0 0.756744 0.445988 0.025374 0.028490
0 0.707999 0.475665 0.030716 0.030864
0 0.700321 0.447175 0.024706 0.028490
0 0.502337 0.405033 0.029380 0.032051
0 0.429554 0.397911 0.028045 0.020180
