0 0.630469 0.715278 0.011979 0.013889
0 0.783073 0.415741 0.008854 0.009259
0 0.655729 0.442130 0.010417 0.010185
0 0.879167 0.418519 0.009375 0.009259
0 0.963802 0.418981 0.030729 0.019444
0 0.493750 0.379696 0.005208 0.010185
0 0.920052 0.426389 0.009896 0.010185
0 0.174219 0.446296 0.008854 0.009259
0 0.247656 0.734722 0.009896 0.013889
0 0.554427 0.644444 0.008854 0.012963
0 0.977344 0.450463 0.011979 0.012037
0 0.593229 0.699537 0.010417 0.015741
0 0.257292 0.528704 0.008333 0.014815
0 0.510677 0.362500 0.005729 0.012037
0 0.304948 0.418056 0.008854 0.008333
0 0.510417 0.975463 0.008333 0.030556
0 0.500260 0.625926 0.006771 0.014815
0 0.467708 0.126852 0.004167 0.009259
0 0.584896 0.442130 0.009375 0.008333
0 0.386458 0.708333 0.010417 0.014815
0 0.487165 0.049157 0.006250 0.016667
0 0.233594 0.449074 0.008854 0.009259
0 0.445833 0.411574 0.006250 0.012037
0 0.263281 0.525463 0.020313 0.023148
0 0.452865 0.285648 0.006771 0.010185
0 0.406510 0.422685 0.007812 0.008333
0 0.294271 0.314815 0.006250 0.011111
0 0.471875 0.055093 0.004167 0.008333
0 0.531410 0.575405 0.005771 0.012384
0 0.636198 0.236574 0.013021 0.015741
0 0.269010 0.520833 0.008854 0.012037
0 0.227083 0.706019 0.006250 0.013889
0 0.472389 0.030175 0.004302 0.008267
0 0.371615 0.416204 0.008854 0.008333
0 0.216146 0.681944 0.007292 0.013889
0 0.970833 0.604630 0.006250 0.014815
0 0.546615 0.396296 0.007812 0.009259
0 0.469271 0.200463 0.005208 0.010185
0 0.533854 0.420370 0.009375 0.009259
0 0.290625 0.275463 0.007292 0.012037
0 0.213802 0.624074 0.007812 0.014815
0 0.227865 0.592593 0.007812 0.022222
0 0.471615 0.089815 0.004687 0.009259
0 0.450260 0.320833 0.005729 0.010185
0 0.938281 0.434259 0.007812 0.009259
0 0.528943 0.397404 0.006771 0.010185
0 0.469271 0.200926 0.005208 0.011111
0 0.240365 0.552778 0.006771 0.011111
0 0.544010 0.375463 0.007812 0.010185
0 0.490079 0.214120 0.003799 0.009921
0 0.319010 0.245370 0.006771 0.011111
0 0.222135 0.595370 0.006771 0.014815
0 0.307292 0.380556 0.009375 0.011111
0 0.504999 0.215154 0.003720 0.009507
