0 0.794141 0.621065 0.020052 0.046759
0 0.958854 0.226157 0.027604 0.033796
0 0.921354 0.250231 0.032813 0.034722
0 0.113411 0.305093 0.026823 0.036111
0 0.922266 0.318750 0.030990 0.031944
0 0.639453 0.637037 0.030990 0.033333
0 0.789453 0.336806 0.027865 0.031019
0 0.827214 0.311574 0.028385 0.031481
0 0.501302 0.586574 0.027083 0.025926
0 0.754167 0.359722 0.026042 0.030556
0 0.313802 0.692130 0.026042 0.029630
0 0.867318 0.353472 0.030990 0.030093
0 0.933073 0.210648 0.025521 0.028704
0 0.967081 0.183048 0.033387 0.034425
0 0.699653 0.367047 0.031384 0.039174
0 0.717014 0.385446 0.027377 0.030864
0 0.804487 0.424027 0.030048 0.032051
0 0.773438 0.442426 0.029380 0.033238
0 0.721354 0.476852 0.033387 0.033238
0 0.712674 0.445394 0.028045 0.032051
0 0.768763 0.412749 0.077457 0.068851
0 0.507345 0.800332 0.016693 0.051045
0 0.478299 0.802113 0.014690 0.045109
0 0.502671 0.399691 0.026042 0.023742
0 0.426215 0.389008 0.032051 0.026116
