0 0.020313 0.949537 0.032813 0.044444
0 0.881120 0.450000 0.033073 0.043519
0 0.934245 0.818519 0.029948 0.050000
0 0.888411 0.278935 0.034115 0.037500
0 0.931901 0.387500 0.017448 0.016667
0 0.283594 0.468519 0.041667 0.039815
0 0.800651 0.335880 0.030990 0.037500
0 0.967448 0.366898 0.016146 0.016204
0 0.937760 0.330093 0.035937 0.035185
0 0.981641 0.391667 0.015365 0.013889
0 0.151562 0.460648 0.034896 0.039815
0 0.741276 0.339352 0.036719 0.037037
0 0.844271 0.307639 0.033333 0.034722
0 0.761589 0.363657 0.040365 0.035648
0 0.861849 0.412037 0.033594 0.033333
0 0.824089 0.434259 0.032552 0.032407
0 0.752995 0.433796 0.032552 0.035185
0 0.785156 0.310880 0.031771 0.027315
0 0.990234 0.210648 0.018490 0.033333
0 0.509348 0.857906 0.018029 0.054606
0 0.474626 0.858500 0.018029 0.053419
0 0.412193 0.371795 0.036058 0.029677
0 0.500668 0.379511 0.030048 0.035613
0 0.818176 0.399098 0.092147 0.081909
0 0.898304 0.347460 0.044071 0.037987
0 0.612513 0.750475 0.033387 0.036800
