0 0.984635 0.922917 0.028646 0.047685
0 0.966276 0.225231 0.036198 0.040278
0 0.432943 0.535185 0.029948 0.030556
0 0.872135 0.446296 0.019792 0.013889
0 0.820312 0.512963 0.027083 0.050000
0 0.463802 0.479167 0.018229 0.020370
0 0.907292 0.340509 0.032813 0.032870
0 0.728125 0.350463 0.039062 0.035185
0 0.503516 0.387037 0.028906 0.031481
0 0.418620 0.378472 0.030469 0.023611
0 0.882943 0.409259 0.014323 0.014815
0 0.301683 0.534425 0.032719 0.032051
0 0.475628 0.832977 0.017361 0.059354
0 0.510350 0.834758 0.017361 0.048670
0 0.870593 0.358737 0.039396 0.039174
0 0.862246 0.297602 0.030716 0.037987
0 0.821848 0.321937 0.039396 0.029677
0 0.781450 0.346273 0.029380 0.035613
0 0.740051 0.372388 0.029380 0.028490
0 0.734709 0.439459 0.032051 0.032051
0 0.743389 0.476258 0.033387 0.029677
0 0.801816 0.438272 0.032719 0.032051
0 0.837206 0.420465 0.032719 0.029677
0 0.960737 0.348647 0.076790 0.068851
0 0.485644 0.681624 0.032051 0.036800
