0 0.970833 0.963889 0.056250 0.069444
0 0.974219 0.251620 0.050000 0.056944
0 0.542839 0.603472 0.044531 0.046759
0 0.906510 0.295139 0.052604 0.057870
0 0.964714 0.370370 0.069010 0.085185
0 0.948177 0.209491 0.047917 0.052315
0 0.899219 0.406481 0.054688 0.054630
0 0.699349 0.753009 0.052865 0.055093
0 0.791146 0.287500 0.019792 0.020370
0 0.956771 0.440278 0.047917 0.043519
0 0.360677 0.296065 0.051562 0.041204
0 0.808073 0.982407 0.055208 0.032407
0 0.788411 0.259259 0.020573 0.020370
0 0.777734 0.281019 0.023698 0.023148
0 0.504167 0.312963 0.047396 0.052778
0 0.748307 0.277083 0.022656 0.025463
0 0.814193 0.366435 0.019531 0.017130
0 0.732682 0.270370 0.018490 0.020370
0 0.570312 0.361574 0.032292 0.024074
0 0.836849 0.352315 0.019010 0.021296
0 0.910547 0.470602 0.058073 0.050463
0 0.934245 0.485648 0.035677 0.037963
0 0.835938 0.409491 0.023438 0.022685
0 0.875651 0.257176 0.050260 0.059722
0 0.807943 0.528704 0.025781 0.023148
0 0.991406 0.412731 0.016667 0.038426
