0 0.487109 0.932639 0.023698 0.051389
0 0.471354 0.731481 0.015104 0.030556
0 0.407943 0.824769 0.019531 0.047685
0 0.566406 0.836111 0.019271 0.031481
0 0.521745 0.760880 0.013802 0.026389
0 0.470313 0.784954 0.014583 0.031019
0 0.482552 0.689352 0.012500 0.022222
0 0.502865 0.624769 0.013021 0.020833
0 0.548438 0.744213 0.013542 0.023611
0 0.470443 0.645139 0.011719 0.023611
0 0.528385 0.654630 0.011458 0.017593
0 0.491201 0.648064 0.011979 0.021296
0 0.520833 0.711574 0.012500 0.023148
0 0.446354 0.868981 0.034375 0.179630
0 0.451953 0.702546 0.032031 0.102315
0 0.566536 0.582407 0.010156 0.014815
0 0.515755 0.604167 0.010156 0.014815
0 0.530859 0.586574 0.010156 0.012963
0 0.419661 0.732407 0.016406 0.037037
0 0.580469 0.569444 0.010417 0.012963
0 0.523698 0.573148 0.010417 0.014815
0 0.570573 0.994213 0.020833 0.008796
0 0.545182 0.608565 0.024740 0.053241
0 0.637891 0.921296 0.085156 0.152778
0 0.551823 0.648380 0.020313 0.065278
0 0.592578 0.576389 0.008073 0.012037
0 0.608841 0.947715 0.076790 0.103644
0 0.499822 0.604167 0.036695 0.037353
0 0.507073 0.566025 0.034624 0.046296
0 0.536518 0.554451 0.010062 0.013678
0 0.557824 0.558133 0.032552 0.039983
0 0.575728 0.529198 0.010949 0.012626
0 0.596443 0.523937 0.032848 0.031566
