0 0.422917 0.348148 0.027083 0.068519
0 0.446224 0.547222 0.033594 0.090741
0 0.838021 0.856250 0.060937 0.112500
0 0.412760 0.171991 0.019271 0.047685
0 0.708073 0.681944 0.047917 0.087037
0 0.476562 0.127778 0.017188 0.037037
0 0.415885 0.050231 0.020313 0.039352
0 0.526302 0.105324 0.017708 0.031944
0 0.552344 0.025694 0.016667 0.024537
0 0.660547 0.383565 0.122135 0.258796
0 0.684375 0.977546 0.038542 0.042130
0 0.525000 0.025000 0.021354 0.048148
0 0.519661 0.355324 0.073177 0.290278
0 0.445573 0.123148 0.025000 0.067593
0 0.445964 0.137037 0.019531 0.039815
0 0.472786 0.051852 0.019010 0.038889
0 0.482161 0.389120 0.066927 0.312500
0 0.419792 0.018519 0.021875 0.035185
0 0.472526 0.061343 0.015365 0.021759
