0 0.344420 0.418827 0.009573 0.009788
0 0.496763 0.615234 0.005432 0.013801
0 0.781510 0.436574 0.007812 0.008333
0 0.736458 0.442593 0.008333 0.009259
0 0.473016 0.664660 0.006052 0.016358
0 0.232292 0.423611 0.008333 0.008333
0 0.507701 0.365234 0.006473 0.013801
0 0.251738 0.534798 0.007812 0.011111
0 0.579948 0.409259 0.027604 0.016667
0 0.372098 0.448545 0.012500 0.009259
0 0.310987 0.426499 0.009474 0.008554
0 0.509598 0.411332 0.005804 0.011552
0 0.844531 0.420370 0.007812 0.009259
0 0.360094 0.442086 0.010417 0.008333
0 0.149740 0.457407 0.009896 0.009259
0 0.442411 0.384568 0.006250 0.012963
0 0.462436 0.078046 0.002966 0.007407
0 0.428423 0.610869 0.005655 0.017152
0 0.487351 0.298141 0.004464 0.012950
0 0.466642 0.780732 0.004216 0.017019
0 0.474293 0.771230 0.006622 0.018386
0 0.210417 0.620833 0.006250 0.013889
0 0.964583 0.600926 0.007292 0.014815
0 0.281176 0.451367 0.010417 0.009259
0 0.470350 0.570282 0.006176 0.014638
0 0.447842 0.298611 0.004315 0.013889
0 0.439484 0.837831 0.006448 0.020106
0 0.549913 0.420392 0.008854 0.008333
0 0.381461 0.447156 0.007812 0.008333
0 0.569531 0.408796 0.006771 0.012037
0 0.271453 0.477072 0.028026 0.017637
0 0.500226 0.234434 0.004680 0.011004
0 0.503548 0.298041 0.003774 0.008857
