0 0.548958 0.974769 0.013021 0.022685
0 0.477344 0.956250 0.013021 0.026389
0 0.489974 0.912500 0.013281 0.025000
0 0.524349 0.945833 0.010677 0.020370
0 0.501953 0.888426 0.011719 0.016667
0 0.517839 0.861343 0.011198 0.016204
0 0.452995 0.954861 0.012760 0.024537
0 0.540495 0.881481 0.010677 0.017593
0 0.529687 0.916435 0.011458 0.018056
0 0.550781 0.917130 0.010937 0.016667
0 0.573568 0.853241 0.023177 0.049074
0 0.575651 0.967130 0.029427 0.062963
0 0.587500 0.821528 0.010417 0.013426
0 0.480599 0.885880 0.032031 0.040278
0 0.474349 0.854861 0.035677 0.060648
0 0.505729 0.835880 0.010937 0.012500
0 0.506641 0.850231 0.011198 0.017130
0 0.527995 0.827778 0.009635 0.013889
0 0.562630 0.840046 0.024740 0.045833
0 0.545312 0.821528 0.031250 0.045833
0 0.595648 0.794393 0.028962 0.022499
0 0.588469 0.783792 0.034560 0.032451
