0 0.497135 0.982870 0.011458 0.018519
0 0.534245 0.987037 0.011719 0.019444
0 0.501302 0.940278 0.012500 0.018519
0 0.512109 0.953009 0.011719 0.018056
0 0.557161 0.979167 0.011198 0.017593
0 0.531120 0.892824 0.012240 0.015278
0 0.546484 0.955324 0.010677 0.016204
0 0.541254 0.910190 0.034071 0.048139
0 0.582552 0.923611 0.023438 0.044444
0 0.493750 0.927778 0.011458 0.014815
0 0.521354 0.915972 0.010417 0.016204
0 0.595703 0.898380 0.009635 0.011574
0 0.563932 0.871991 0.010156 0.015278
0 0.462630 0.953241 0.036198 0.066667
0 0.584408 0.868778 0.033920 0.032814
0 0.607161 0.861806 0.009115 0.012500
0 0.569385 0.915905 0.022104 0.042264
0 0.592241 0.878548 0.028962 0.021201
